300
173.781693 67.517021
153.058594 57.275551
195.369873 75.370758
205.234589 84.404327
159.733093 68.862419
181.315994 71.980362
184.688141 72.778763
205.169464 76.635162
112.036797 46.468369
159.352753 60.449059
161.491364 65.854462
166.990356 63.595943
138.850800 52.272686
137.315018 56.059540
155.834671 67.036766
151.077866 58.960945
164.532242 64.727783
157.353851 65.497871
118.190285 50.232155
180.880707 73.502670
178.671234 72.175262
213.234375 81.353912
142.849960 58.473621
145.319687 59.588406
171.112869 69.539658
151.934708 60.907974
167.025375 66.977722
147.310165 61.795506
148.958344 66.822464
155.085892 60.861546
180.083908 71.495171
185.123657 72.501923
171.119247 65.797485
175.137604 63.700500
135.484207 55.350815
142.019867 56.146404
156.260620 60.604935
124.590431 53.345581
185.197510 76.205887
157.679367 59.898643
186.279709 73.626968
151.272888 63.077961
138.760391 54.551140
157.356094 58.653481
130.928757 56.914383
127.298370 52.869179
168.900574 66.901115
164.201065 65.687225
149.716751 59.855770
178.902969 73.081314
175.801956 72.414024
171.354187 66.346825
144.672012 59.348721
165.631470 63.272263
146.990601 59.554249
180.555084 75.560181
199.068115 76.728920
168.635559 67.694839
160.609039 61.210800
141.545334 57.725613
167.296097 68.768379
177.582565 72.913872
175.848541 69.239182
142.634430 57.113716
182.875031 75.743179
145.132736 52.558117
185.612976 75.426186
178.094009 67.576317
181.405670 70.411621
186.000488 70.702370
166.073013 65.855087
174.550735 67.729027
128.777878 50.862617
142.138184 59.020878
189.822922 77.653793
164.934067 67.533401
207.819733 81.284843
166.169907 66.686340
224.117462 86.399261
169.123978 66.489548
189.175873 75.855576
166.443573 69.509529
169.398926 65.280884
161.684235 66.703865
164.862183 66.651299
194.231781 75.212730
140.832779 51.826210
174.005524 70.239143
142.205292 57.572010
184.748154 70.736122
179.908188 72.002380
149.976608 60.546101
169.287415 70.656784
129.386124 55.228119
161.824005 63.050987
173.141968 71.918877
118.311127 52.853340
192.319641 73.574059
178.355392 70.445892
169.681396 67.782501
161.744904 62.539646
176.350494 69.200905
164.982742 68.952469
141.889938 54.166714
151.125000 59.970989
178.898880 73.360268
153.995529 63.987957
176.999573 69.475441
203.749985 79.657951
178.912125 68.460495
176.784058 69.827164
126.765251 52.349049
152.764725 62.144695
143.353882 57.080563
171.251694 69.242599
188.651169 72.981903
155.699188 64.729309
169.590454 70.559128
163.922684 64.373940
185.113052 72.337288
139.402771 56.127869
171.967499 67.297935
159.102936 63.697418
160.630402 64.621567
156.264847 63.114483
167.112381 64.238495
152.576385 58.790657
182.827591 73.657204
160.625061 64.651855
169.642944 73.094254
114.573517 48.005859
193.477219 78.083557
168.265564 69.713432
158.308060 64.654274
179.489288 66.948059
151.435959 61.163731
167.219803 66.861229
185.913940 71.113998
156.334656 64.568306
141.634232 56.817505
188.529297 72.877701
139.762558 55.493149
175.804169 70.334854
160.067932 67.911240
143.250198 53.950966
168.003540 68.038101
188.260529 72.879753
173.252808 68.610336
165.366821 68.724281
172.097122 71.825340
173.548187 66.972115
148.467575 57.811733
134.007706 52.585289
153.703583 62.748970
163.356842 68.692345
140.268234 53.252884
136.917130 55.365101
173.867325 70.175476
144.543472 58.705917
161.934143 66.314598
150.425659 63.430901
148.109528 61.728970
172.151108 66.866867
168.751251 67.410736
163.939728 62.251713
171.504272 69.325722
176.883987 68.140144
183.577332 79.274460
142.968597 55.683289
150.712769 61.264816
169.675507 69.424484
154.546371 62.929329
161.899307 62.226105
174.593643 66.411179
187.943192 76.616432
148.851715 60.026867
151.524475 61.067120
165.381317 65.141876
171.299606 65.637329
165.692368 68.767769
159.716217 63.086895
177.414749 67.656990
206.935165 81.509064
131.679596 54.526398
164.965012 68.350632
198.546997 75.430412
118.323776 49.455437
182.365051 73.153008
181.231003 71.185661
148.910568 56.353554
196.430695 81.177467
190.239288 70.824608
165.422607 67.797882
131.332260 56.901711
173.255371 66.053627
142.055725 60.323555
141.321014 54.834995
185.770248 73.144447
176.166931 64.808899
162.235336 63.688168
160.265961 66.312187
169.735626 66.969337
202.270477 78.684952
180.190872 72.371948
128.665863 50.343864
151.160950 60.109158
151.396667 60.586113
171.747131 67.253540
178.393982 72.109558
180.309372 74.717720
149.597580 61.088463
163.240448 64.864700
170.998062 68.004349
178.937256 71.447960
153.744766 64.461494
146.023697 60.212090
128.649536 50.103214
162.430344 66.602486
183.428238 72.894554
143.588730 56.999588
132.818604 55.169724
122.597458 57.088589
141.511856 55.181805
162.238113 66.626991
161.538162 63.427010
155.867188 62.801651
145.623062 64.197838
147.277649 62.948589
160.050827 62.059788
140.293213 55.544052
141.247162 56.504311
155.153503 60.627087
149.194473 58.056915
149.284241 60.082222
183.017731 71.066307
172.758804 68.694153
159.295197 65.772263
150.765030 61.136066
194.346786 74.294327
181.245743 70.114059
142.940628 57.018150
174.353607 70.748131
200.481369 79.613380
205.574417 79.850250
171.738220 67.264954
158.022858 63.600513
191.368774 73.917786
170.041931 71.067635
166.591705 63.738369
156.037491 63.305790
163.849426 66.061852
155.215286 61.527145
164.211853 62.797886
138.309219 56.325230
154.246689 61.172482
155.303543 62.167885
164.119156 66.042427
126.930168 49.254471
149.474365 58.615662
195.539322 77.398865
157.200684 64.896805
160.716370 58.931740
159.042618 64.507668
163.257675 65.489861
111.008667 46.030838
147.126602 53.550476
128.709595 48.717136
147.357895 61.248245
157.488403 60.611595
141.350983 56.881790
146.541656 61.500225
152.212708 64.910934
200.708191 75.952164
170.244293 70.432579
144.097794 58.613960
179.591568 73.621284
192.244370 74.477089
157.364853 64.367386
181.911331 69.848473
181.158661 69.456062
189.629807 70.355484
184.257278 73.856880
171.411118 67.825363
188.758987 77.299927
173.868744 68.817589
141.213074 61.493626
152.225266 63.871273
129.388290 53.665070
187.905487 70.875725
162.818161 63.428841
150.759964 60.454208
142.346405 57.563152
188.038956 72.628532
156.483688 60.484348
158.579285 66.719109
170.658539 65.018585
163.112183 62.094967
173.839844 67.622978
165.449829 64.852242
125.037682 51.329395
