300
94.035706 40.057983
103.117149 43.718681
131.478424 52.764366
223.722031 86.711624
91.386719 41.742607
163.825577 64.294258
106.580231 44.573200
223.023300 88.663284
181.553864 68.164001
117.853310 43.418072
126.117828 43.732414
166.771805 68.362373
184.030731 76.028625
103.991020 41.322979
214.097382 83.066193
186.524643 71.409653
129.651810 51.563461
205.018417 84.868317
186.892975 77.214272
115.617851 50.950043
187.734573 73.744316
103.986145 41.681568
194.474075 77.136444
188.109741 77.800224
111.062653 47.145908
167.617889 64.326302
203.580765 84.054993
110.257378 44.809715
111.367813 40.364697
205.168152 84.155701
172.803101 71.331833
140.501343 57.661064
108.064392 40.952179
145.670441 59.577621
214.412582 87.683640
197.724777 79.257484
158.267197 62.769859
147.472260 58.405716
102.207794 40.181583
177.778671 69.938660
154.640305 66.740318
203.397552 78.958405
202.391235 80.482803
108.284973 40.663776
211.511658 80.916168
216.365097 89.633774
98.332108 42.697838
155.141357 61.395000
200.556839 80.781891
94.727798 41.620533
138.341064 56.399120
99.195724 41.805168
165.819809 65.774406
218.038528 84.454788
210.447250 83.113495
185.034317 76.582535
114.979065 42.914516
217.591934 89.067657
130.183746 49.820854
169.726669 72.433548
127.089043 53.510544
146.692093 58.068481
198.514740 77.867371
122.593391 49.044159
139.801514 53.859982
201.247925 77.913147
208.187149 80.688805
197.583740 81.126740
206.945557 85.908997
102.090042 42.644428
201.639145 78.862274
191.914597 73.785515
124.632614 48.763390
143.246872 53.919491
138.496140 55.855892
228.156342 88.364212
140.502075 57.052216
189.413025 76.977753
129.551071 52.942902
149.662109 60.972321
109.301048 47.005524
149.488083 57.262794
186.459671 76.721397
204.922745 80.868866
161.658722 66.258125
202.046051 77.380600
175.136459 67.649765
190.995056 70.903046
150.303741 58.259224
149.704254 59.057281
132.100540 53.084812
223.353531 87.190765
192.724609 77.255470
225.275879 89.836723
204.431839 83.200470
205.763763 80.214241
105.427071 44.785301
193.039963 79.129303
189.059189 73.269753
207.042831 84.541763
206.131119 83.607895
196.511276 73.393356
123.973228 50.734886
197.807602 79.341415
100.048302 40.001526
213.793488 85.040741
200.428970 80.485855
216.750900 86.885590
187.121231 80.403458
162.280273 64.822227
165.654068 66.813568
123.005424 51.232338
191.232269 73.274330
189.070938 72.360306
141.568466 55.451523
171.941864 64.269844
106.020142 42.175968
180.310532 74.501175
210.491013 84.155701
211.178665 81.308327
130.971436 50.974457
186.920441 76.193428
136.909668 55.256203
101.175369 43.411968
139.406281 57.094940
157.375854 63.574020
197.619553 78.627274
115.009094 48.665730
117.139320 43.794975
166.732742 63.949402
146.342896 58.483536
226.092407 89.540695
170.366196 67.379684
128.901199 52.347790
166.003540 72.488480
124.741699 48.557388
199.361069 80.289017
139.747177 59.365520
166.200378 66.567886
174.873032 69.470200
164.012848 65.995667
149.038544 59.939270
157.733368 63.886837
118.509193 46.079288
115.457695 46.680504
122.231575 47.785271
146.334351 61.427048
117.093933 45.951111
131.033936 49.572128
185.635757 75.167999
147.272797 62.595905
153.529617 61.150852
117.345314 42.928249
163.073654 62.675251
173.831421 69.314552
126.992310 53.246559
193.763977 77.588120
146.291672 58.717003
202.496796 82.007202
216.055328 84.714195
108.151985 45.015717
135.347687 53.403732
201.386688 80.945160
134.780197 53.968323
214.761719 87.799614
189.791519 76.519974
222.279907 87.373886
197.011154 76.198006
177.551285 73.515427
217.574432 84.259468
190.094696 77.859741
191.920471 77.170021
170.201645 67.919861
147.449341 64.417862
127.675697 50.303047
103.845581 42.230904
161.684158 68.388321
161.550110 64.730675
167.819138 65.045013
231.293915 87.669907
212.596085 83.549911
186.612732 74.049500
144.252151 59.502853
124.643257 46.605732
171.858170 70.043945
146.010681 61.022675
144.874176 59.794304
222.965332 86.652115
160.316803 62.354809
129.281616 50.005493
223.970749 87.761467
118.981041 51.476486
136.913544 56.638691
224.531235 88.840302
209.597794 86.835236
114.789429 43.491318
212.129684 84.500565
223.554245 88.229927
158.872604 65.200661
217.125580 89.836723
216.686203 87.640915
212.733704 87.393723
200.791885 79.681686
149.665054 58.848232
206.379715 79.326157
192.094620 75.656296
149.344894 58.767357
180.178268 69.216896
134.882874 53.615833
190.881592 74.696487
213.901123 88.266548
145.257843 58.991669
196.133698 78.274788
151.545563 61.120335
141.712540 57.969299
135.414352 56.650898
194.788147 82.307808
212.092773 84.065674
110.091980 42.800072
186.807877 71.398972
193.714828 74.078491
146.256592 57.497787
168.616531 66.873077
97.621468 44.892117
118.929855 50.919521
201.793350 81.912598
175.811752 73.892334
200.075592 81.584518
213.716644 86.183662
185.559738 75.111542
137.605865 52.344738
133.220825 49.862057
137.305878 54.680931
162.906631 66.754051
222.915070 88.913544
176.816193 71.183807
209.625122 82.429886
216.434418 86.369827
130.041382 48.540604
217.208893 89.374374
199.536118 81.651665
125.861366 49.494308
138.758484 54.612263
221.410278 87.299110
135.919113 56.978973
181.864578 71.673630
166.291504 67.651291
117.676888 43.082371
105.906372 43.770561
168.883163 64.944305
212.699142 85.995972
110.942253 43.070164
165.374023 64.504837
129.345673 46.561478
164.279633 66.889862
122.440132 43.704948
161.504364 64.170662
155.008514 64.594864
111.178986 41.423687
131.941010 49.527878
154.769089 60.609150
167.145706 70.111084
182.340118 71.743828
126.599129 49.475998
181.061295 70.721458
100.548935 40.639362
181.587067 74.000671
191.152847 78.666946
124.465103 48.505508
222.397736 84.579910
141.997635 55.453049
118.907295 47.858517
108.055214 45.839718
199.228439 81.256447
214.257874 89.171425
144.385406 57.781609
205.924850 81.956848
221.467239 86.311836
182.240158 74.766685
94.781593 40.506607
202.148544 82.548904
142.678711 57.114780
154.138489 58.602558
113.644737 45.063019
168.678802 74.443192
194.268143 77.879578
153.058731 61.921448
144.189575 59.478439
120.987091 46.773582
224.202896 89.168365
91.225220 40.296028
217.261368 86.427811
156.430527 64.600967
120.857521 51.488693
175.337784 72.895905
141.603500 64.691002
107.335495 45.902279
120.451950 47.660145
135.486984 54.951019
136.964447 53.597519
